#Const,HR1,RA1,Dec1,Mag1,HR2,RA2,Dec2,Mag2
And,15,2.097083,29.090556,2.06,165,9.832083,30.860833,3.27
And,68,4.582083,36.785278,4.52,154,9.220417,33.719444,4.36
And,68,4.582083,36.785278,4.52,8965,354.534167,43.268056,4.29
And,154,9.220417,33.719444,4.36,165,9.832083,30.860833,3.27
And,154,9.220417,33.719444,4.36,337,17.432917,35.620556,2.06
And,163,9.638750,29.311667,4.37,165,9.832083,30.860833,3.27
And,163,9.638750,29.311667,4.37,215,11.834583,24.267222,4.06
And,165,9.832083,30.860833,3.27,337,17.432917,35.620556,2.06
And,215,11.834583,24.267222,4.06,271,14.301667,23.417500,4.42
And,226,12.453333,41.078889,4.53,269,14.188333,38.499444,3.87
And,226,12.453333,41.078889,4.53,335,17.375833,47.241944,4.25
And,269,14.188333,38.499444,3.87,337,17.432917,35.620556,2.06
And,335,17.375833,47.241944,4.25,464,24.498333,48.628333,3.57
And,337,17.432917,35.620556,2.06,604,30.977917,42.330833,4.84
And,8762,345.480417,42.326111,3.62,8965,354.534167,43.268056,4.29
And,8961,354.391250,46.458056,3.82,8976,355.102083,44.333889,4.14
And,8965,354.534167,43.268056,4.29,8976,355.102083,44.333889,4.14
Ant,3765,142.311250,-35.951389,4.51,4104,156.787917,-31.067778,4.25
Ant,4104,156.787917,-31.067778,4.25,4273,164.179583,-37.137778,4.60
Aps,5470,221.965000,-79.044722,3.83,6020,245.086667,-78.695833,4.68
Aps,6020,245.086667,-78.695833,4.68,6102,248.362500,-78.897222,3.89
Aps,6020,245.086667,-78.695833,4.68,6163,250.769167,-77.517500,4.24
Aps,6102,248.362500,-78.897222,3.89,6163,250.769167,-77.517500,4.24
Aql,7176,284.905833,15.068333,4.02,7235,286.352500,13.863333,2.99
Aql,7193,285.420000,-5.738889,4.02,7236,286.562083,-4.882500,3.44
Aql,7235,286.352500,13.863333,2.99,7236,286.562083,-4.882500,3.44
Aql,7235,286.352500,13.863333,2.99,7377,291.374583,3.114722,3.36
Aql,7236,286.562083,-4.882500,3.44,7377,291.374583,3.114722,3.36
Aql,7236,286.562083,-4.882500,3.44,7447,294.180417,-1.286389,4.36
Aql,7377,291.374583,3.114722,3.36,7525,296.565000,10.613333,2.72
Aql,7377,291.374583,3.114722,3.36,7570,298.118333,1.005556,3.90
Aql,7447,294.180417,-1.286389,4.36,7710,302.826250,-0.821389,3.23
Aql,7525,296.565000,10.613333,2.72,7557,297.695833,8.868333,0.77
Aql,7557,297.695833,8.868333,0.77,7602,298.828333,6.406667,3.71
Aql,7570,298.118333,1.005556,3.90,7710,302.826250,-0.821389,3.23
Aqr,7950,311.919167,-9.495833,3.77,7990,313.163333,-8.983333,4.73
Aqr,7990,313.163333,-8.983333,4.73,8232,322.889583,-5.571111,2.91
Aqr,8232,322.889583,-5.571111,2.91,8414,331.445833,-0.319722,2.96
Aqr,8232,322.889583,-5.571111,2.91,8418,331.609167,-13.869722,4.27
Aqr,8414,331.445833,-0.319722,2.96,8499,334.208333,-7.783333,4.16
Aqr,8414,331.445833,-0.319722,2.96,8518,335.414167,-1.387222,3.84
Aqr,8414,331.445833,-0.319722,2.96,8539,336.319167,1.377500,4.66
Aqr,8499,334.208333,-7.783333,4.16,8698,343.153750,-7.579722,3.74
Aqr,8518,335.414167,-1.387222,3.84,8558,337.207083,-0.020278,4.59
Aqr,8539,336.319167,1.377500,4.66,8558,337.207083,-0.020278,4.59
Aqr,8558,337.207083,-0.020278,4.59,8597,338.839167,-0.117500,4.02
Aqr,8679,342.397917,-13.592500,4.01,8698,343.153750,-7.579722,3.74
Aqr,8679,342.397917,-13.592500,4.01,8709,343.662500,-15.820833,3.27
Aqr,8698,343.153750,-7.579722,3.74,8834,348.580833,-6.048889,4.22
Aqr,8709,343.662500,-15.820833,3.27,8858,349.475833,-9.182500,4.39
Aqr,8834,348.580833,-6.048889,4.22,8858,349.475833,-9.182500,4.39
Aqr,8858,349.475833,-9.182500,4.39,8892,350.742500,-20.100556,3.97
Ara,6229,252.446250,-59.041389,3.76,6285,254.655000,-55.990278,3.13
Ara,6229,252.446250,-59.041389,3.76,6500,262.774583,-60.683889,3.62
Ara,6285,254.655000,-55.990278,3.13,6295,254.896250,-53.160556,4.06
Ara,6295,254.896250,-53.160556,4.06,6510,262.960417,-49.876111,2.95
Ara,6461,261.325000,-55.530000,2.85,6462,261.348333,-56.377500,3.34
Ara,6461,261.325000,-55.530000,2.85,6510,262.960417,-49.876111,2.95
Ara,6462,261.348333,-56.377500,3.34,6500,262.774583,-60.683889,3.62
Ara,6510,262.960417,-49.876111,2.95,6743,271.657917,-50.091667,3.66
Ari,546,28.382500,19.293611,4.75,553,28.660000,20.808056,2.64
Ari,553,28.660000,20.808056,2.64,617,31.793333,23.462500,2.00
Ari,617,31.793333,23.462500,2.00,838,42.495833,27.260556,3.63
Aur,1577,74.248333,33.166111,2.69,1641,76.628750,41.234444,3.17
Aur,1577,74.248333,33.166111,2.69,1791,81.572917,28.607500,1.65
Aur,1605,75.492083,43.823333,2.99,1612,75.619583,41.075833,3.75
Aur,1605,75.492083,43.823333,2.99,1708,79.172500,45.998056,0.08
Aur,1641,76.628750,41.234444,3.17,1708,79.172500,45.998056,0.08
Aur,1708,79.172500,45.998056,0.08,2088,89.882083,44.947500,1.90
Aur,1791,81.572917,28.607500,1.65,2095,89.930417,37.212500,2.62
Aur,2077,89.881667,54.284722,3.72,2088,89.882083,44.947500,1.90
Aur,2088,89.882083,44.947500,1.90,2095,89.930417,37.212500,2.62
Boo,5235,208.671250,18.397778,2.68,5340,213.915417,19.182500,-0.04
Boo,5329,213.370833,51.790278,4.54,5351,214.095833,46.088333,4.18
Boo,5329,213.370833,51.790278,4.54,5404,216.299167,51.850833,4.05
Boo,5340,213.915417,19.182500,-0.04,5429,217.957500,30.371389,3.58
Boo,5340,213.915417,19.182500,-0.04,5478,220.287083,13.728333,4.43
Boo,5340,213.915417,19.182500,-0.04,5506,221.246667,27.074167,2.70
Boo,5351,214.095833,46.088333,4.18,5404,216.299167,51.850833,4.05
Boo,5351,214.095833,46.088333,4.18,5435,218.019583,38.308333,3.03
Boo,5429,217.957500,30.371389,3.58,5435,218.019583,38.308333,3.03
Boo,5435,218.019583,38.308333,3.03,5602,225.486667,40.390556,3.50
Boo,5506,221.246667,27.074167,2.70,5681,228.875833,33.314722,3.47
Boo,5602,225.486667,40.390556,3.50,5681,228.875833,33.314722,3.47
CMa,2294,95.675000,-17.955833,1.98,2429,99.170833,-19.255833,3.95
CMa,2294,95.675000,-17.955833,1.98,2491,101.287083,-16.716111,-1.46
CMa,2429,99.170833,-19.255833,3.95,2580,103.532917,-24.183889,3.87
CMa,2491,101.287083,-16.716111,-1.46,2596,104.034167,-17.054167,4.37
CMa,2491,101.287083,-16.716111,-1.46,2653,105.756250,-23.833333,3.02
CMa,2574,103.547500,-12.038611,4.07,2596,104.034167,-17.054167,4.37
CMa,2574,103.547500,-12.038611,4.07,2657,105.939583,-15.633333,4.12
CMa,2580,103.532917,-24.183889,3.87,2618,104.656250,-28.972222,1.50
CMa,2596,104.034167,-17.054167,4.37,2657,105.939583,-15.633333,4.12
CMa,2618,104.656250,-28.972222,1.50,2693,107.097917,-26.393333,1.84
CMa,2653,105.756250,-23.833333,3.02,2693,107.097917,-26.393333,1.84
CMa,2693,107.097917,-26.393333,1.84,2827,111.023750,-29.303056,2.45
CMi,2845,111.787500,8.289444,2.90,2943,114.825417,5.225000,0.38
CVn,4785,188.435417,41.357500,4.26,4915,194.007083,38.318333,2.90
Cae,1443,67.708750,-44.953889,5.07,1502,70.140417,-41.863889,4.45
Cae,1502,70.140417,-41.863889,4.45,1503,70.514583,-37.144444,5.05
Cae,1503,70.514583,-37.144444,5.05,1652,76.101667,-35.483333,4.55
Cam,1035,52.267083,59.940278,4.21,1155,57.380000,65.526111,4.47
Cam,1148,57.589583,71.332222,4.63,1155,57.380000,65.526111,4.47
Cam,1148,57.589583,71.332222,4.63,1542,73.512500,66.342778,4.29
Cam,1542,73.512500,66.342778,4.29,1603,75.854583,60.442222,4.03
Cam,1568,74.321667,53.752222,4.47,1603,75.854583,60.442222,4.03
Cam,1603,75.854583,60.442222,4.03,2209,94.711667,69.319722,4.80
Cam,2209,94.711667,69.319722,4.80,2527,105.016667,76.977500,4.55
Cap,7747,304.412083,-12.508333,4.24,7776,305.252917,-14.781389,3.08
Cap,7747,304.412083,-12.508333,4.24,8075,316.486667,-17.232778,4.07
Cap,7776,305.252917,-14.781389,3.08,7936,311.523750,-25.270833,4.14
Cap,7936,311.523750,-25.270833,4.14,7980,312.955417,-26.919167,4.11
Cap,7980,312.955417,-26.919167,4.11,8204,321.666667,-22.411389,3.74
Cap,8075,316.486667,-17.232778,4.07,8278,325.022917,-16.662222,3.68
Cap,8204,321.666667,-22.411389,3.74,8278,325.022917,-16.662222,3.68
Cap,8278,325.022917,-16.662222,3.68,8322,326.760000,-16.127222,2.87
Car,2326,95.987917,-52.695833,-0.72,3685,138.300000,-69.717222,1.68
Car,3117,119.194583,-52.982222,3.47,3206,122.372083,-47.345833,4.27
Car,3117,119.194583,-52.982222,3.47,3307,125.628333,-59.509722,1.86
Car,3307,125.628333,-59.509722,1.86,3699,139.272500,-59.275278,2.25
Car,3485,131.175833,-54.708333,1.96,3699,139.272500,-59.275278,2.25
Car,3685,138.300000,-69.717222,1.68,4037,153.434167,-70.038056,3.32
Car,3699,139.272500,-59.275278,2.25,4050,154.270833,-61.332222,3.40
Car,4037,153.434167,-70.038056,3.32,4199,160.739167,-64.394444,2.76
Car,4050,154.270833,-61.332222,3.40,4140,158.005833,-61.685278,3.32
Car,4140,158.005833,-61.685278,3.32,4199,160.739167,-64.394444,2.76
Car,4140,158.005833,-61.685278,3.32,4210,161.265000,-59.684167,6.21
Car,4199,160.739167,-64.394444,2.76,4325,166.635000,-62.424167,4.61
Car,4210,161.265000,-59.684167,6.21,4257,163.373333,-58.853333,3.78
Car,4257,163.373333,-58.853333,3.78,4352,168.150000,-60.317500,4.60
Car,4325,166.635000,-62.424167,4.61,4338,167.141667,-61.947222,5.13
Car,4338,167.141667,-61.947222,5.13,4352,168.150000,-60.317500,4.60
Cas,21,2.294583,59.149722,2.27,168,10.127083,56.537222,2.23
Cas,168,10.127083,56.537222,2.23,264,14.177083,60.716667,2.47
Cas,264,14.177083,60.716667,2.47,403,21.454167,60.235278,2.68
Cas,403,21.454167,60.235278,2.68,542,28.598750,63.670000,3.38
Cen,4390,170.251667,-54.491111,3.89,4621,182.089583,-50.722500,2.60
Cen,4441,172.942083,-59.442222,5.13,4638,182.912917,-52.368611,3.96
Cen,4621,182.089583,-50.722500,2.60,4743,187.010000,-50.230556,3.91
Cen,4638,182.912917,-52.368611,3.96,4743,187.010000,-50.230556,3.91
Cen,4743,187.010000,-50.230556,3.91,4819,190.379167,-48.959722,2.17
Cen,4817,189.968750,-39.987500,4.64,5028,200.149167,-36.712222,2.75
Cen,4819,190.379167,-48.959722,2.17,5132,204.971667,-53.466389,2.30
Cen,4819,190.379167,-48.959722,2.17,5231,208.885000,-47.288333,2.55
Cen,5028,200.149167,-36.712222,2.75,5089,202.761250,-39.407500,3.88
Cen,5089,202.761250,-39.407500,3.88,5190,207.376250,-41.687778,3.41
Cen,5132,204.971667,-53.466389,2.30,5231,208.885000,-47.288333,2.55
Cen,5132,204.971667,-53.466389,2.30,5267,210.955833,-60.373056,0.61
Cen,5190,207.376250,-41.687778,3.41,5193,207.404167,-42.473889,3.04
Cen,5190,207.376250,-41.687778,3.41,5288,211.670833,-36.370000,2.06
Cen,5193,207.404167,-42.473889,3.04,5231,208.885000,-47.288333,2.55
Cen,5231,208.885000,-47.288333,2.55,5249,209.670000,-44.803611,3.87
Cen,5248,209.567917,-42.100833,3.83,5249,209.670000,-44.803611,3.87
Cen,5248,209.567917,-42.100833,3.83,5285,211.511667,-41.179722,4.36
Cen,5248,209.567917,-42.100833,3.83,5440,218.876667,-42.157778,2.31
Cen,5267,210.955833,-60.373056,0.61,5459,219.899583,-60.835278,-0.01
Cen,5285,211.511667,-41.179722,4.36,5367,215.139167,-37.885278,4.05
Cen,5288,211.670833,-36.370000,2.06,5367,215.139167,-37.885278,4.05
Cen,5440,218.876667,-42.157778,2.31,5576,224.790417,-42.104167,3.13
Cep,7850,307.395417,62.994167,4.22,7957,311.322500,61.838889,3.43
Cep,7957,311.322500,61.838889,3.43,8162,319.645000,62.585556,2.44
Cep,8162,319.645000,62.585556,2.44,8238,322.165000,70.560833,3.23
Cep,8162,319.645000,62.585556,2.44,8316,325.876667,58.780000,4.08
Cep,8238,322.165000,70.560833,3.23,8694,342.420000,66.200556,3.52
Cep,8238,322.165000,70.560833,3.23,8974,354.836667,77.632500,3.21
Cep,8316,325.876667,58.780000,4.08,8494,333.758333,57.043611,4.19
Cep,8465,332.713750,58.201111,3.35,8494,333.758333,57.043611,4.19
Cep,8465,332.713750,58.201111,3.35,8571,337.292917,58.415278,3.75
Cep,8571,337.292917,58.415278,3.75,8694,342.420000,66.200556,3.52
Cep,8694,342.420000,66.200556,3.52,8974,354.836667,77.632500,3.21
Cet,74,4.857083,-8.823889,3.56,188,10.897500,-17.986667,2.04
Cet,74,4.857083,-8.823889,3.56,334,17.147500,-10.182222,3.45
Cet,188,10.897500,-17.986667,2.04,509,26.017083,-15.937500,3.50
Cet,334,17.147500,-10.182222,3.45,402,21.005833,-8.183333,3.60
Cet,402,21.005833,-8.183333,3.60,539,27.865000,-10.335000,3.73
Cet,509,26.017083,-15.937500,3.50,539,27.865000,-10.335000,3.73
Cet,539,27.865000,-10.335000,3.73,681,34.836250,-2.977500,3.04
Cet,681,34.836250,-2.977500,3.04,779,39.870833,0.328611,4.07
Cet,718,37.039583,8.460000,4.28,804,40.825000,3.235833,3.47
Cet,718,37.039583,8.460000,4.28,813,41.235417,10.114167,4.27
Cet,779,39.870833,0.328611,4.07,804,40.825000,3.235833,3.47
Cet,804,40.825000,3.235833,3.47,911,45.570000,4.089722,2.53
Cet,813,41.235417,10.114167,4.27,896,44.928750,8.907500,4.70
Cet,896,44.928750,8.907500,4.70,911,45.570000,4.089722,2.53
Cha,3318,124.631667,-76.919722,4.07,4174,158.867083,-78.607778,4.11
Cha,4174,158.867083,-78.607778,4.11,4231,161.315417,-80.469722,5.47
Cha,4174,158.867083,-78.607778,4.11,4583,179.905417,-78.221944,4.91
Cha,4231,161.315417,-80.469722,5.47,4674,184.586250,-79.312222,4.26
Cha,4583,179.905417,-78.221944,4.91,4674,184.586250,-79.312222,4.26
Cir,5463,220.626667,-64.975278,3.19,5670,229.378333,-58.801111,4.07
Cir,5463,220.626667,-64.975278,3.19,5704,230.844583,-59.320833,4.51
Cnc,3249,124.128750,9.185556,3.52,3461,131.171250,18.154167,3.94
Cnc,3449,130.821250,21.468611,4.66,3461,131.171250,18.154167,3.94
Cnc,3449,130.821250,21.468611,4.66,3475,131.674167,28.760000,4.02
Cnc,3461,131.171250,18.154167,3.94,3572,134.621667,11.857778,4.25
Col,1743,79.371250,-34.895278,4.83,1956,84.912083,-34.074167,2.64
Col,1956,84.912083,-34.074167,2.64,2040,87.740000,-35.768333,3.12
Col,2040,87.740000,-35.768333,3.12,2106,89.384167,-35.283333,4.36
Col,2040,87.740000,-35.768333,3.12,2120,89.786667,-42.815278,3.96
Col,2106,89.384167,-35.283333,4.36,2256,94.137917,-35.140556,4.37
Col,2256,94.137917,-35.140556,4.37,2296,95.528333,-33.436389,3.85
Com,4737,186.734583,28.268333,4.36,4983,197.968333,27.878056,4.26
Com,4968,197.497083,17.529444,5.22,4983,197.968333,27.878056,4.26
CrB,5747,231.957083,29.105833,3.68,5778,233.232500,31.359167,4.14
CrB,5747,231.957083,29.105833,3.68,5793,233.672083,26.714722,2.23
CrB,5793,233.672083,26.714722,2.23,5849,235.685833,26.295556,3.84
CrB,5849,235.685833,26.295556,3.84,5889,237.398750,26.068333,4.63
CrB,5889,237.398750,26.068333,4.63,5947,239.397083,26.877778,4.15
CrB,5947,239.397083,26.877778,4.15,5971,240.360833,29.851111,4.99
Cra,6951,278.375833,-42.312500,4.64,7242,287.087083,-40.496667,4.59
Cra,7226,286.604583,-37.063333,4.93,7254,287.367917,-37.904444,4.11
Cra,7242,287.087083,-40.496667,4.59,7259,287.507083,-39.340833,4.11
Cra,7254,287.367917,-37.904444,4.11,7259,287.507083,-39.340833,4.11
Crt,4287,164.943750,-18.298889,4.08,4343,167.914583,-22.825833,4.48
Crt,4287,164.943750,-18.298889,4.08,4382,169.835417,-14.778611,3.56
Crt,4343,167.914583,-22.825833,4.48,4405,171.220417,-17.683889,4.08
Crt,4382,169.835417,-14.778611,3.56,4402,171.152500,-10.859444,4.83
Crt,4382,169.835417,-14.778611,3.56,4405,171.220417,-17.683889,4.08
Crt,4402,171.152500,-10.859444,4.83,4468,174.170417,-9.802222,4.70
Crt,4405,171.220417,-17.683889,4.08,4514,176.190833,-18.350833,4.73
Crt,4514,176.190833,-18.350833,4.73,4567,179.003750,-17.150833,5.18
Cru,4656,183.786250,-58.748889,2.80,4853,191.930000,-59.688611,1.25
Cru,4730,186.649583,-63.099167,1.33,4763,187.791250,-57.113333,1.63
Crv,4623,182.103333,-24.728889,4.02,4630,182.531250,-22.619722,3.00
Crv,4630,182.531250,-22.619722,3.00,4662,183.951667,-17.541944,2.59
Crv,4630,182.531250,-22.619722,3.00,4786,188.596667,-23.396667,2.65
Crv,4662,183.951667,-17.541944,2.59,4757,187.466250,-16.515556,2.95
Crv,4757,187.466250,-16.515556,2.95,4786,188.596667,-23.396667,2.65
Cyg,7328,289.275833,53.368611,3.77,7420,292.426250,51.729722,3.79
Cyg,7417,292.680417,27.959722,3.08,7615,299.076667,35.083333,3.89
Cyg,7420,292.426250,51.729722,3.79,7528,296.243750,45.130833,2.87
Cyg,7420,292.426250,51.729722,3.79,7751,303.867917,47.714444,3.98
Cyg,7528,296.243750,45.130833,2.87,7796,305.557083,40.256667,2.20
Cyg,7615,299.076667,35.083333,3.89,7796,305.557083,40.256667,2.20
Cyg,7751,303.867917,47.714444,3.98,7924,310.357917,45.280278,1.25
Cyg,7796,305.557083,40.256667,2.20,7924,310.357917,45.280278,1.25
Cyg,7796,305.557083,40.256667,2.20,7949,311.552917,33.970278,2.46
Cyg,7924,310.357917,45.280278,1.25,8028,314.293333,41.167222,3.94
Cyg,7949,311.552917,33.970278,2.46,8115,318.234167,30.226944,3.20
Cyg,8028,314.293333,41.167222,3.94,8115,318.234167,30.226944,3.20
Del,7852,308.303333,11.303333,4.03,7882,309.387500,14.595278,3.63
Del,7882,309.387500,14.595278,3.63,7906,309.909583,15.911944,3.77
Del,7882,309.387500,14.595278,3.63,7928,310.864583,15.074444,4.43
Del,7906,309.909583,15.911944,3.77,7948,311.664583,16.124167,4.27
Del,7928,310.864583,15.074444,4.43,7948,311.664583,16.124167,4.27
Dor,1338,64.006667,-51.486667,4.25,1465,68.499167,-55.045000,3.27
Dor,1465,68.499167,-55.045000,3.27,1674,76.377500,-57.472778,4.72
Dor,1465,68.499167,-55.045000,3.27,1922,83.406250,-62.489722,3.76
Dor,1674,76.377500,-57.472778,4.72,1922,83.406250,-62.489722,3.76
Dor,1922,83.406250,-62.489722,3.76,2015,86.193333,-65.735556,4.35
Dor,1922,83.406250,-62.489722,3.76,2102,88.525417,-63.090000,4.65
Dor,2015,86.193333,-65.735556,4.35,2102,88.525417,-63.090000,4.65
Dra,4434,172.850833,69.331111,3.84,4787,188.370833,69.788333,3.87
Dra,4787,188.370833,69.788333,3.87,5291,211.097083,64.375833,3.65
Dra,5291,211.097083,64.375833,3.65,5744,231.232500,58.966111,3.29
Dra,5744,231.232500,58.966111,3.29,5986,240.472083,58.565278,4.01
Dra,5986,240.472083,58.565278,4.01,6132,245.997917,61.514167,2.74
Dra,6132,245.997917,61.514167,2.74,6396,257.196667,65.714722,3.17
Dra,6396,257.196667,65.714722,3.17,6920,275.189583,71.337778,4.22
Dra,6536,262.608333,52.301389,2.79,6554,263.044167,55.184167,4.88
Dra,6536,262.608333,52.301389,2.79,6705,269.151667,51.488889,2.23
Dra,6554,263.044167,55.184167,4.88,6688,268.382083,56.872778,3.75
Dra,6688,268.382083,56.872778,3.75,6705,269.151667,51.488889,2.23
Dra,6688,268.382083,56.872778,3.75,7310,288.138750,67.661667,3.07
Dra,6920,275.189583,71.337778,4.22,6927,275.264167,72.732778,3.57
Dra,6920,275.189583,71.337778,4.22,7310,288.138750,67.661667,3.07
Dra,7310,288.138750,67.661667,3.07,7582,297.043333,70.267778,3.83
Equ,8097,317.585417,10.131667,4.69,8123,318.620417,10.006944,4.49
Equ,8123,318.620417,10.006944,4.49,8131,318.955833,5.247778,3.92
Eri,472,24.428750,-57.236667,0.46,566,28.989583,-51.608889,3.70
Eri,566,28.989583,-51.608889,3.70,721,36.746250,-47.703889,4.25
Eri,721,36.746250,-47.703889,4.25,789,39.950000,-42.891667,4.75
Eri,789,39.950000,-42.891667,4.75,794,40.166667,-39.855556,4.11
Eri,794,40.166667,-39.855556,4.11,898,44.567917,-40.304444,4.35
Eri,811,41.030833,-13.858611,4.25,818,41.275833,-18.572500,4.47
Eri,811,41.030833,-13.858611,4.25,874,44.107083,-8.898056,3.89
Eri,818,41.275833,-18.572500,4.47,919,45.597917,-23.624444,4.09
Eri,874,44.107083,-8.898056,3.89,1084,53.232500,-9.458333,3.73
Eri,898,44.567917,-40.304444,4.35,1008,49.982083,-43.069722,4.27
Eri,919,45.597917,-23.624444,4.09,1003,49.879167,-21.757778,3.69
Eri,1003,49.879167,-21.757778,3.69,1088,53.447083,-21.632778,4.27
Eri,1008,49.982083,-43.069722,4.27,1106,54.273750,-40.274722,4.58
Eri,1084,53.232500,-9.458333,3.73,1136,55.812083,-9.763333,3.54
Eri,1088,53.447083,-21.632778,4.27,1173,56.712083,-23.249722,4.23
Eri,1106,54.273750,-40.274722,4.58,1195,57.363750,-36.200278,4.17
Eri,1136,55.812083,-9.763333,3.54,1162,56.535417,-12.101667,4.42
Eri,1162,56.535417,-12.101667,4.42,1231,59.507500,-13.508611,2.95
Eri,1173,56.712083,-23.249722,4.23,1213,58.427500,-24.612500,4.65
Eri,1195,57.363750,-36.200278,4.17,1347,64.473750,-33.798333,3.56
Eri,1213,58.427500,-24.612500,4.65,1240,59.981250,-24.016389,4.66
Eri,1231,59.507500,-13.508611,2.95,1298,62.966250,-6.837500,4.04
Eri,1240,59.981250,-24.016389,4.66,1453,68.377500,-29.766667,4.51
Eri,1298,62.966250,-6.837500,4.04,1463,69.079583,-3.352500,3.93
Eri,1347,64.473750,-33.798333,3.56,1393,66.009167,-34.016944,3.96
Eri,1393,66.009167,-34.016944,3.96,1464,68.887500,-30.562222,3.82
Eri,1453,68.377500,-29.766667,4.51,1464,68.887500,-30.562222,3.82
Eri,1463,69.079583,-3.352500,3.93,1520,71.375417,-3.254722,4.02
Eri,1520,71.375417,-3.254722,4.02,1666,76.962500,-5.086389,2.79
For,612,31.122500,-29.296944,4.69,841,42.272500,-32.405833,4.46
For,841,42.272500,-32.405833,4.46,963,48.017917,-28.986944,3.87
Gem,2134,91.030000,23.263333,4.16,2216,93.719167,22.506667,3.28
Gem,2216,93.719167,22.506667,3.28,2286,95.740000,22.513611,2.88
Gem,2286,95.740000,22.513611,2.88,2473,100.982917,25.131111,2.98
Gem,2343,97.240833,20.212222,4.15,2473,100.982917,25.131111,2.98
Gem,2421,99.427917,16.399167,1.93,2650,106.027083,20.570278,3.79
Gem,2473,100.982917,25.131111,2.98,2697,107.785000,30.245278,4.41
Gem,2484,101.322500,12.895556,3.36,2763,109.523333,16.540278,3.58
Gem,2540,103.197083,33.961111,3.60,2697,107.785000,30.245278,4.41
Gem,2650,106.027083,20.570278,3.79,2777,110.030833,21.982222,3.53
Gem,2697,107.785000,30.245278,4.41,2821,111.431667,27.798056,3.79
Gem,2697,107.785000,30.245278,4.41,2852,112.277917,31.784444,4.18
Gem,2763,109.523333,16.540278,3.58,2777,110.030833,21.982222,3.53
Gem,2777,110.030833,21.982222,3.53,2905,113.980417,26.895833,4.06
Gem,2821,111.431667,27.798056,3.79,2905,113.980417,26.895833,4.06
Gem,2852,112.277917,31.784444,4.18,2890,113.650000,31.888611,2.88
Gem,2905,113.980417,26.895833,4.06,2985,116.111667,24.398056,3.57
Gem,2905,113.980417,26.895833,4.06,2990,116.328750,28.026111,1.14
Gru,8353,328.482083,-37.365000,3.01,8411,331.528750,-39.543333,4.46
Gru,8411,331.528750,-39.543333,4.46,8486,333.903750,-41.346667,4.79
Gru,8425,332.058333,-46.961111,1.74,8556,337.317500,-43.495556,3.97
Gru,8425,332.058333,-46.961111,1.74,8636,340.667083,-46.884722,2.10
Gru,8486,333.903750,-41.346667,4.79,8556,337.317500,-43.495556,3.97
Gru,8556,337.317500,-43.495556,3.97,8636,340.667083,-46.884722,2.10
Gru,8636,340.667083,-46.884722,2.10,8675,342.138750,-51.316944,3.49
Gru,8675,342.138750,-51.316944,3.49,8747,345.220000,-52.754167,4.12
Her,5914,238.168750,42.451667,4.62,6023,242.192500,44.935000,4.26
Her,6023,242.192500,44.935000,4.26,6092,244.935000,46.313333,3.89
Her,6092,244.935000,46.313333,3.89,6168,248.525833,42.436944,4.20
Her,6095,245.480000,19.153056,3.75,6117,246.354167,14.033333,4.57
Her,6095,245.480000,19.153056,3.75,6148,247.555000,21.489722,2.77
Her,6117,246.354167,14.033333,4.57,6159,248.151250,11.488056,4.84
Her,6148,247.555000,21.489722,2.77,6212,250.321667,31.603056,2.81
Her,6148,247.555000,21.489722,2.77,6406,258.662083,14.390278,3.48
Her,6168,248.525833,42.436944,4.20,6220,250.724167,38.922222,3.53
Her,6212,250.321667,31.603056,2.81,6220,250.724167,38.922222,3.53
Her,6212,250.321667,31.603056,2.81,6324,255.072500,30.926389,3.92
Her,6220,250.724167,38.922222,3.53,6418,258.761667,36.809167,3.16
Her,6324,255.072500,30.926389,3.92,6410,258.757917,24.839167,3.14
Her,6324,255.072500,30.926389,3.92,6418,258.761667,36.809167,3.16
Her,6406,258.662083,14.390278,3.48,6410,258.757917,24.839167,3.14
Her,6410,258.757917,24.839167,3.14,6623,266.614583,27.720556,3.42
Her,6418,258.761667,36.809167,3.16,6695,269.063333,37.250556,3.86
Her,6588,264.866250,46.006389,3.80,6695,269.063333,37.250556,3.86
Her,6623,266.614583,27.720556,3.42,6703,269.441250,29.247778,3.70
Her,6703,269.441250,29.247778,3.70,6779,271.885833,28.762500,3.83
Hor,778,39.351667,-52.543056,5.31,802,40.165000,-54.550000,5.21
Hor,778,39.351667,-52.543056,5.31,810,40.639583,-50.800278,5.41
Hor,802,40.165000,-54.550000,5.21,934,45.903333,-59.737778,5.11
Hor,810,40.639583,-50.800278,5.41,868,43.470417,-49.890278,4.00
Hor,868,43.470417,-49.890278,4.00,1326,63.500417,-42.294444,3.86
Hor,909,44.699167,-64.071389,4.99,934,45.903333,-59.737778,5.11
Hor,1302,62.710833,-41.993611,4.93,1326,63.500417,-42.294444,3.86
Hya,3410,129.414167,5.703611,4.16,3418,129.689167,3.341389,4.44
Hya,3410,129.414167,5.703611,4.16,3482,131.694167,6.418889,3.38
Hya,3418,129.689167,3.341389,4.44,3454,130.806250,3.398611,4.30
Hya,3454,130.806250,3.398611,4.30,3492,132.108333,5.837778,4.36
Hya,3482,131.694167,6.418889,3.38,3492,132.108333,5.837778,4.36
Hya,3482,131.694167,6.418889,3.38,3547,133.848333,5.945556,3.11
Hya,3547,133.848333,5.945556,3.11,3665,138.591250,2.314167,3.88
Hya,3665,138.591250,2.314167,3.88,3845,144.964167,-1.142778,3.91
Hya,3748,141.896667,-8.658611,1.98,3845,144.964167,-1.142778,3.91
Hya,3748,141.896667,-8.658611,1.98,3903,147.869583,-14.846667,4.12
Hya,3903,147.869583,-14.846667,4.12,3994,152.647083,-12.354167,3.61
Hya,3994,152.647083,-12.354167,3.61,4094,156.522500,-16.836389,3.81
Hya,4094,156.522500,-16.836389,3.81,4232,162.406250,-16.193611,3.11
Hya,4232,162.406250,-16.193611,3.11,4450,173.250417,-31.857778,3.54
Hya,4450,173.250417,-31.857778,3.54,4552,178.227500,-33.908056,4.28
Hya,4552,178.227500,-33.908056,4.28,5020,199.730417,-23.171667,3.00
Hya,5020,199.730417,-23.171667,3.00,5287,211.592917,-26.682500,3.27
Hya,5287,211.592917,-26.682500,3.27,5526,222.572083,-27.960278,4.41
Hyi,98,6.437917,-77.254167,2.80,591,29.692500,-61.569722,2.86
Hyi,98,6.437917,-77.254167,2.80,1208,56.809583,-74.238889,3.24
Hyi,591,29.692500,-61.569722,2.86,1208,56.809583,-74.238889,3.24
Ind,7869,309.391667,-47.291389,3.11,7920,311.009583,-51.921111,4.51
Ind,7869,309.391667,-47.291389,3.11,8140,319.966667,-53.449722,4.39
Ind,7920,311.009583,-51.921111,4.51,7986,313.702500,-58.454167,3.65
Ind,7986,313.702500,-58.454167,3.65,8368,329.479583,-54.992500,4.40
Ind,8140,319.966667,-53.449722,4.39,8368,329.479583,-54.992500,4.40
LMi,3791,143.376250,36.486944,6.18,3974,151.857500,35.244722,4.48
LMi,3974,151.857500,35.244722,4.48,4090,156.478750,33.796111,4.74
LMi,3974,151.857500,35.244722,4.48,4100,156.970833,36.707222,4.21
LMi,4090,156.478750,33.796111,4.74,4247,163.327917,34.215000,3.83
LMi,4100,156.970833,36.707222,4.21,4247,163.327917,34.215000,3.83
Lac,8485,333.469583,39.715000,4.49,8498,333.992500,37.748889,4.13
Lac,8485,333.469583,39.715000,4.49,8579,337.622083,43.123333,4.51
Lac,8523,335.256667,46.536667,4.57,8572,337.382500,47.706944,4.36
Lac,8523,335.256667,46.536667,4.57,8579,337.622083,43.123333,4.51
Lac,8538,335.890000,52.229167,4.43,8541,336.129167,49.476389,4.57
Lac,8538,335.890000,52.229167,4.43,8585,337.822917,50.282500,3.77
Lac,8541,336.129167,49.476389,4.57,8572,337.382500,47.706944,4.36
Lac,8572,337.382500,47.706944,4.36,8585,337.822917,50.282500,3.77
Lac,8572,337.382500,47.706944,4.36,8632,340.128750,44.276389,4.46
Lac,8579,337.622083,43.123333,4.51,8632,340.128750,44.276389,4.46
Leo,3731,141.163750,26.182222,4.46,3773,142.930000,22.968056,4.31
Leo,3731,141.163750,26.182222,4.46,3905,148.190833,26.006944,3.88
Leo,3773,142.930000,22.968056,4.31,3873,146.462917,23.774167,2.98
Leo,3873,146.462917,23.774167,2.98,3905,148.190833,26.006944,3.88
Leo,3873,146.462917,23.774167,2.98,3975,151.833333,16.762778,3.52
Leo,3905,148.190833,26.006944,3.88,4031,154.172500,23.417222,3.44
Leo,3975,151.833333,16.762778,3.52,3982,152.092917,11.967222,1.35
Leo,3975,151.833333,16.762778,3.52,4057,154.992917,19.841667,2.61
Leo,3975,151.833333,16.762778,3.52,4359,168.560000,15.429444,3.34
Leo,4031,154.172500,23.417222,3.44,4057,154.992917,19.841667,2.61
Leo,4057,154.992917,19.841667,2.61,4357,168.527083,20.523611,2.56
Leo,4357,168.527083,20.523611,2.56,4359,168.560000,15.429444,3.34
Leo,4357,168.527083,20.523611,2.56,4534,177.265000,14.571944,2.14
Leo,4359,168.560000,15.429444,3.34,4399,170.981250,10.529167,3.94
Leo,4359,168.560000,15.429444,3.34,4534,177.265000,14.571944,2.14
Leo,4386,170.284167,6.029444,4.05,4399,170.981250,10.529167,3.94
Lep,1654,76.365417,-22.371111,3.19,1702,78.232917,-16.205556,3.31
Lep,1654,76.365417,-22.371111,3.19,1829,82.061250,-20.759444,2.84
Lep,1702,78.232917,-16.205556,3.31,1705,78.307917,-12.941389,4.36
Lep,1702,78.232917,-16.205556,3.31,1756,79.893750,-13.176667,4.29
Lep,1702,78.232917,-16.205556,3.31,1865,83.182500,-17.822222,2.58
Lep,1829,82.061250,-20.759444,2.84,1865,83.182500,-17.822222,2.58
Lep,1829,82.061250,-20.759444,2.84,1983,86.115833,-22.448333,3.60
Lep,1865,83.182500,-17.822222,2.58,1998,86.738750,-14.821944,3.55
Lep,1983,86.115833,-22.448333,3.60,2035,87.830417,-20.879167,3.81
Lep,1998,86.738750,-14.821944,3.55,2085,89.101250,-14.167778,3.71
Lep,2035,87.830417,-20.879167,3.81,2155,91.538750,-14.935278,4.67
Lep,2085,89.101250,-14.167778,3.71,2155,91.538750,-14.935278,4.67
Lib,5530,222.671667,-15.997222,5.15,5603,226.017500,-25.281944,3.29
Lib,5530,222.671667,-15.997222,5.15,5685,229.251667,-9.383056,2.61
Lib,5530,222.671667,-15.997222,5.15,5787,233.881667,-14.789444,3.91
Lib,5685,229.251667,-9.383056,2.61,5787,233.881667,-14.789444,3.91
Lib,5787,233.881667,-14.789444,3.91,5794,234.256250,-28.135000,3.58
Lib,5794,234.256250,-28.135000,3.58,5812,234.664167,-29.777778,3.66
Lup,5469,220.482500,-47.388333,2.30,5649,228.071250,-52.099167,3.41
Lup,5571,224.632917,-43.133889,2.68,5695,230.342917,-40.647500,3.22
Lup,5649,228.071250,-52.099167,3.41,5683,229.633333,-47.875000,4.27
Lup,5649,228.071250,-52.099167,3.41,5948,240.030417,-38.396944,3.41
Lup,5683,229.633333,-47.875000,4.27,5708,230.670417,-44.689444,3.37
Lup,5695,230.342917,-40.647500,3.22,5776,233.785417,-41.166944,2.78
Lup,5705,230.451667,-36.261389,3.56,5883,237.739583,-33.627222,3.95
Lup,5705,230.451667,-36.261389,3.56,5948,240.030417,-38.396944,3.41
Lup,5708,230.670417,-44.689444,3.37,5776,233.785417,-41.166944,2.78
Lup,5776,233.785417,-41.166944,2.78,5948,240.030417,-38.396944,3.41
Lup,5883,237.739583,-33.627222,3.95,5948,240.030417,-38.396944,3.41
Lyn,2238,94.905833,59.010833,4.48,2560,104.318750,58.422500,4.35
Lyn,2560,104.318750,58.422500,4.35,2818,111.678333,49.211389,4.64
Lyn,2818,111.678333,49.211389,4.64,3275,125.708750,43.188056,4.25
Lyn,3275,125.708750,43.188056,4.25,3579,135.160000,41.782778,3.97
Lyn,3579,135.160000,41.782778,3.97,3612,136.632500,38.452222,4.56
Lyn,3612,136.632500,38.452222,4.56,3690,139.711250,36.802500,3.82
Lyn,3690,139.711250,36.802500,3.82,3705,140.263750,34.392500,3.13
Lyr,7001,279.234583,38.783611,0.03,7056,281.193333,37.605000,4.36
Lyr,7056,281.193333,37.605000,4.36,7106,282.520000,33.362778,3.45
Lyr,7056,281.193333,37.605000,4.36,7139,283.625833,36.898889,4.30
Lyr,7106,282.520000,33.362778,3.45,7178,284.735833,32.689444,3.24
Lyr,7139,283.625833,36.898889,4.30,7178,284.735833,32.689444,3.24
Men,1629,73.796667,-74.936944,5.47,1677,75.679167,-71.314444,5.31
Men,1629,73.796667,-74.936944,5.47,1953,82.970417,-76.341111,5.19
Men,1953,82.970417,-76.341111,5.19,2261,92.560000,-74.753056,5.09
Mic,7943,312.121667,-43.988611,5.11,7965,312.492083,-33.779722,4.90
Mic,7943,312.121667,-43.988611,5.11,8151,320.190000,-40.809722,4.82
Mic,7965,312.492083,-33.779722,4.90,8039,315.322917,-32.257778,4.67
Mic,8039,315.322917,-32.257778,4.67,8135,319.484583,-32.172500,4.71
Mic,8135,319.484583,-32.172500,4.71,8151,320.190000,-40.809722,4.82
Mon,2227,93.713750,-6.274722,3.98,2356,97.204167,-7.032778,4.60
Mon,2298,95.942083,4.592778,4.44,2385,98.225833,7.333056,4.50
Mon,2298,95.942083,4.592778,4.44,2506,101.965000,2.412222,4.47
Mon,2356,97.204167,-7.032778,4.60,2714,107.966250,-0.492778,4.15
Mon,2385,98.225833,7.333056,4.50,2456,100.244583,9.895556,4.66
Mon,2385,98.225833,7.333056,4.50,2506,101.965000,2.412222,4.47
Mon,2506,101.965000,2.412222,4.47,2714,107.966250,-0.492778,4.15
Mon,2714,107.966250,-0.492778,4.15,3188,122.148333,-2.983889,4.34
Mon,2970,115.311667,-9.551111,3.93,3188,122.148333,-2.983889,4.34
Mus,4520,176.401667,-66.728611,3.64,4671,184.392083,-67.960833,4.11
Mus,4671,184.392083,-67.960833,4.11,4798,189.295833,-69.135556,2.69
Mus,4773,188.116667,-72.133056,3.87,4798,189.295833,-69.135556,2.69
Mus,4773,188.116667,-72.133056,3.87,4923,195.567500,-71.548889,3.62
Mus,4798,189.295833,-69.135556,2.69,4844,191.570417,-68.108056,3.05
Mus,4844,191.570417,-68.108056,3.05,4923,195.567500,-71.548889,3.62
Nor,5962,240.803750,-49.229722,4.65,5980,241.622500,-45.173333,4.72
Nor,5962,240.803750,-49.229722,4.65,6072,244.960000,-50.155556,4.02
Nor,5980,241.622500,-45.173333,4.72,6115,246.796250,-47.555000,4.47
Nor,6072,244.960000,-50.155556,4.02,6115,246.796250,-47.555000,4.47
Oct,5339,216.728750,-83.667778,4.32,8254,325.368750,-77.390000,3.76
Oct,5339,216.728750,-83.667778,4.32,8630,341.513750,-81.381667,4.15
Oct,8254,325.368750,-77.390000,3.76,8630,341.513750,-81.381667,4.15
Oph,6056,243.586250,-3.694444,2.74,6075,244.580417,-4.692500,3.24
Oph,6056,243.586250,-3.694444,2.74,6149,247.728333,1.983889,3.82
Oph,6075,244.580417,-4.692500,3.24,6129,246.950417,-8.371667,4.63
Oph,6081,245.159167,-24.169444,4.55,6104,246.025833,-20.037500,4.50
Oph,6104,246.025833,-20.037500,4.50,6118,246.755833,-18.456389,4.42
Oph,6118,246.755833,-18.456389,4.42,6147,247.784583,-16.612778,4.28
Oph,6129,246.950417,-8.371667,4.63,6175,249.289583,-10.567222,2.56
Oph,6147,247.784583,-16.612778,4.28,6175,249.289583,-10.567222,2.56
Oph,6149,247.728333,1.983889,3.82,6299,254.417083,9.375000,3.20
Oph,6175,249.289583,-10.567222,2.56,6299,254.417083,9.375000,3.20
Oph,6175,249.289583,-10.567222,2.56,6378,257.594583,-15.724722,2.43
Oph,6299,254.417083,9.375000,3.20,6556,263.733750,12.560000,2.08
Oph,6378,257.594583,-15.724722,2.43,6453,260.502500,-24.999444,3.27
Oph,6378,257.594583,-15.724722,2.43,6561,264.396667,-15.398611,3.54
Oph,6378,257.594583,-15.724722,2.43,6603,265.868333,4.567222,2.77
Oph,6453,260.502500,-24.999444,3.27,6492,261.838750,-29.866944,4.29
Oph,6556,263.733750,12.560000,2.08,6603,265.868333,4.567222,2.77
Oph,6561,264.396667,-15.398611,3.54,6698,269.756667,-9.773611,3.34
Oph,6603,265.868333,4.567222,2.77,6629,266.973333,2.707222,3.75
Oph,6629,266.973333,2.707222,3.75,6698,269.756667,-9.773611,3.34
Oph,6698,269.756667,-9.773611,3.34,6869,275.327500,-2.898889,3.26
Oph,6869,275.327500,-2.898889,3.26,7141,284.055000,4.203611,4.62
Ori,1543,72.460000,6.961389,3.19,1544,72.652917,8.900278,4.36
Ori,1543,72.460000,6.961389,3.19,1552,72.801667,5.605000,3.69
Ori,1543,72.460000,6.961389,3.19,1790,81.282917,6.349722,1.64
Ori,1544,72.652917,8.900278,4.36,1570,73.724167,10.150833,4.65
Ori,1552,72.801667,5.605000,3.69,1567,73.562917,2.440556,3.72
Ori,1567,73.562917,2.440556,3.72,1601,74.637083,1.714167,4.47
Ori,1570,73.724167,10.150833,4.65,1580,74.092917,13.514444,4.07
Ori,1580,74.092917,13.514444,4.07,1638,76.142083,15.404167,4.68
Ori,1638,76.142083,15.404167,4.68,1676,77.425000,15.597222,4.82
Ori,1713,78.634583,-8.201667,0.12,1788,81.119167,-2.396944,3.36
Ori,1788,81.119167,-2.396944,3.36,1852,83.001667,-0.299167,2.23
Ori,1790,81.282917,6.349722,1.64,1852,83.001667,-0.299167,2.23
Ori,1790,81.282917,6.349722,1.64,1879,83.784583,9.934167,3.54
Ori,1790,81.282917,6.349722,1.64,2061,88.792917,7.406944,0.50
Ori,1852,83.001667,-0.299167,2.23,1903,84.053333,-1.201944,1.70
Ori,1879,83.784583,9.934167,3.54,2061,88.792917,7.406944,0.50
Ori,1903,84.053333,-1.201944,1.70,1948,85.189583,-1.942778,2.05
Ori,1948,85.189583,-1.942778,2.05,2004,86.939167,-9.669722,2.06
Ori,1948,85.189583,-1.942778,2.05,2061,88.792917,7.406944,0.50
Ori,2047,88.595417,20.276111,4.41,2135,90.980000,20.138333,4.63
Ori,2047,88.595417,20.276111,4.41,2159,91.892917,14.768333,4.42
Ori,2061,88.792917,7.406944,0.50,2124,90.595833,9.647500,4.12
Ori,2124,90.595833,9.647500,4.12,2199,92.985000,14.208889,4.48
Ori,2135,90.980000,20.138333,4.63,2199,92.985000,14.208889,4.48
Ori,2159,91.892917,14.768333,4.42,2199,92.985000,14.208889,4.48
Pav,6582,266.433333,-64.723889,3.62,6745,272.145000,-63.668333,4.35
Pav,6745,272.145000,-63.668333,4.35,6855,275.806667,-61.493889,4.36
Pav,6745,272.145000,-63.668333,4.35,7107,284.237500,-67.233611,4.44
Pav,6855,275.806667,-61.493889,4.36,7074,283.054167,-62.187500,4.22
Pav,6982,280.758750,-71.428056,4.01,7665,302.181667,-66.181944,3.56
Pav,7074,283.054167,-62.187500,4.22,7665,302.181667,-66.181944,3.56
Pav,7107,284.237500,-67.233611,4.44,7665,302.181667,-66.181944,3.56
Pav,7590,300.147917,-72.910556,3.96,7665,302.181667,-66.181944,3.56
Pav,7665,302.181667,-66.181944,3.56,7790,306.412083,-56.735000,1.94
Pav,7665,302.181667,-66.181944,3.56,7913,311.239583,-66.203056,3.42
Pav,7790,306.412083,-56.735000,1.94,8181,321.610833,-65.366111,4.22
Pav,7913,311.239583,-66.203056,3.42,8181,321.610833,-65.366111,4.22
Peg,15,2.097083,29.090556,2.06,39,3.309167,15.183611,2.83
Peg,15,2.097083,29.090556,2.06,8775,345.943750,28.082778,2.42
Peg,39,3.309167,15.183611,2.83,8781,346.190417,15.205278,2.49
Peg,8308,326.046667,9.875000,2.39,8450,332.550000,6.197778,3.53
Peg,8315,326.161250,25.645000,4.13,8430,331.752917,25.345000,3.76
Peg,8430,331.752917,25.345000,3.76,8667,341.632917,23.565556,3.95
Peg,8450,332.550000,6.197778,3.53,8634,340.365417,10.831389,3.40
Peg,8454,332.496667,33.178333,4.29,8650,340.750417,30.221389,2.94
Peg,8634,340.365417,10.831389,3.40,8781,346.190417,15.205278,2.49
Peg,8650,340.750417,30.221389,2.94,8775,345.943750,28.082778,2.42
Peg,8667,341.632917,23.565556,3.95,8684,342.500833,24.601667,3.48
Peg,8684,342.500833,24.601667,3.48,8775,345.943750,28.082778,2.42
Peg,8775,345.943750,28.082778,2.42,8781,346.190417,15.205278,2.49
Per,496,25.915000,50.688611,4.07,799,41.050000,49.228333,4.12
Per,799,41.050000,49.228333,4.12,937,47.266667,49.613333,4.05
Per,834,42.674167,55.895556,3.76,854,43.564583,52.762500,3.95
Per,834,42.674167,55.895556,3.76,915,46.199167,53.506389,2.93
Per,854,43.564583,52.762500,3.95,915,46.199167,53.506389,2.93
Per,854,43.564583,52.762500,3.95,937,47.266667,49.613333,4.05
Per,915,46.199167,53.506389,2.93,1017,51.080833,49.861111,1.79
Per,921,46.294167,38.840278,3.39,936,47.042083,40.955556,2.12
Per,936,47.042083,40.955556,2.12,941,47.374167,44.857222,3.80
Per,936,47.042083,40.955556,2.12,1220,59.463333,40.010278,2.89
Per,937,47.266667,49.613333,4.05,941,47.374167,44.857222,3.80
Per,937,47.266667,49.613333,4.05,1017,51.080833,49.861111,1.79
Per,1017,51.080833,49.861111,1.79,1122,55.731250,47.787500,3.01
Per,1122,55.731250,47.787500,3.01,1220,59.463333,40.010278,2.89
Per,1122,55.731250,47.787500,3.01,1273,62.165417,47.712500,4.04
Per,1131,56.079583,32.288333,3.83,1203,58.532917,31.883611,2.85
Per,1203,58.532917,31.883611,2.85,1228,59.741250,35.791111,4.04
Per,1220,59.463333,40.010278,2.89,1228,59.741250,35.791111,4.04
Per,1261,61.645833,50.351389,4.29,1324,64.560833,50.295556,4.61
Per,1273,62.165417,47.712500,4.04,1303,63.724583,48.409444,4.14
Per,1303,63.724583,48.409444,4.14,1324,64.560833,50.295556,4.61
Phe,25,2.352917,-45.747500,3.88,99,6.570833,-42.306111,2.39
Phe,25,2.352917,-45.747500,3.88,322,16.520833,-46.718611,3.31
Phe,99,6.570833,-42.306111,2.39,322,16.520833,-46.718611,3.31
Phe,322,16.520833,-46.718611,3.31,338,17.096250,-55.245833,3.92
Phe,322,16.520833,-46.718611,3.31,429,22.091250,-43.318333,3.41
Phe,338,17.096250,-55.245833,3.92,440,22.812917,-49.072778,3.95
Phe,429,22.091250,-43.318333,3.41,440,22.812917,-49.072778,3.95
Pic,2020,86.821250,-51.066389,3.85,2042,87.457083,-56.166667,4.51
Pic,2042,87.457083,-56.166667,4.51,2550,102.047500,-61.941389,3.27
PsA,8305,326.236667,-33.025833,4.34,8326,326.934167,-30.898333,5.01
PsA,8305,326.236667,-33.025833,4.34,8431,332.095833,-32.988611,4.50
PsA,8326,326.934167,-30.898333,5.01,8431,332.095833,-32.988611,4.50
PsA,8431,332.095833,-32.988611,4.50,8576,337.876250,-32.346111,4.29
PsA,8431,332.095833,-32.988611,4.50,8628,340.164167,-27.043611,4.17
PsA,8576,337.876250,-32.346111,4.29,8695,343.131667,-32.875556,4.46
PsA,8628,340.164167,-27.043611,4.17,8728,344.412917,-29.622222,1.16
PsA,8695,343.131667,-32.875556,4.46,8720,343.987083,-32.539722,4.21
PsA,8720,343.987083,-32.539722,4.21,8728,344.412917,-29.622222,1.16
Psc,224,12.170833,7.585000,4.43,294,15.735833,7.890000,4.28
Psc,224,12.170833,7.585000,4.43,9072,359.827917,6.863333,4.01
Psc,294,15.735833,7.890000,4.28,489,25.357917,5.487500,4.44
Psc,352,17.915000,30.089722,4.51,360,18.437083,24.583611,4.65
Psc,352,17.915000,30.089722,4.51,383,19.866667,27.264167,4.76
Psc,360,18.437083,24.583611,4.65,383,19.866667,27.264167,4.76
Psc,360,18.437083,24.583611,4.65,437,22.870833,15.345833,3.62
Psc,437,22.870833,15.345833,3.62,510,26.348333,9.157778,4.26
Psc,489,25.357917,5.487500,4.44,596,30.511667,2.763611,4.33
Psc,510,26.348333,9.157778,4.26,596,30.511667,2.763611,4.33
Psc,8852,349.291250,3.282222,3.69,8911,351.733333,1.255556,4.94
Psc,8852,349.291250,3.282222,3.69,8916,351.992083,6.378889,4.28
Psc,8911,351.733333,1.255556,4.94,8984,355.511667,1.780000,4.50
Psc,8916,351.992083,6.378889,4.28,8969,354.987500,5.626389,4.13
Psc,8969,354.987500,5.626389,4.13,8984,355.511667,1.780000,4.50
Psc,8969,354.987500,5.626389,4.13,9072,359.827917,6.863333,4.01
Pup,2326,95.987917,-52.695833,-0.72,2451,99.440417,-43.196111,3.17
Pup,2451,99.440417,-43.196111,3.17,2773,109.285833,-37.097500,2.70
Pup,2773,109.285833,-37.097500,2.70,2922,113.845000,-28.369444,4.64
Pup,2922,113.845000,-28.369444,4.64,2948,114.705417,-26.801667,4.50
Pup,2922,113.845000,-28.369444,4.64,2996,115.952083,-28.954722,3.96
Pup,2948,114.705417,-26.801667,4.50,3045,117.323750,-24.859722,3.34
Pup,2996,115.952083,-28.954722,3.96,3034,117.021667,-25.937222,4.50
Pup,3034,117.021667,-25.937222,4.50,3045,117.323750,-24.859722,3.34
Pup,3045,117.323750,-24.859722,3.34,3185,121.885833,-24.304167,2.81
Pup,3165,120.896250,-40.003333,2.25,3185,121.885833,-24.304167,2.81
Pup,3165,120.896250,-40.003333,2.25,3438,130.025833,-35.308333,3.97
Pyx,3438,130.025833,-35.308333,3.97,3468,130.897917,-33.186389,3.68
Pyx,3468,130.897917,-33.186389,3.68,3518,132.632917,-27.710000,4.01
Ret,1175,56.050000,-64.806944,3.85,1247,59.686250,-61.400278,4.56
Ret,1175,56.050000,-64.806944,3.85,1336,63.606250,-62.473889,3.35
Ret,1247,59.686250,-61.400278,4.56,1355,64.120417,-59.301944,4.44
Ret,1336,63.606250,-62.473889,3.35,1355,64.120417,-59.301944,4.44
Scl,280,14.651667,-29.357500,4.31,9016,357.231667,-28.130278,4.57
Scl,8863,349.705833,-32.531944,4.41,8937,353.242917,-37.818333,4.37
Scl,8863,349.705833,-32.531944,4.41,9016,357.231667,-28.130278,4.57
Sco,5928,239.221250,-29.214167,3.88,5944,239.712917,-26.114167,2.89
Sco,5944,239.712917,-26.114167,2.89,5953,240.083333,-22.621667,2.32
Sco,5953,240.083333,-22.621667,2.32,5984,241.359167,-19.805556,2.62
Sco,5953,240.083333,-22.621667,2.32,6084,245.297083,-25.592778,2.89
Sco,5984,241.359167,-19.805556,2.62,6027,242.998750,-19.460556,4.01
Sco,6084,245.297083,-25.592778,2.89,6134,247.351667,-26.431944,0.96
Sco,6134,247.351667,-26.431944,0.96,6165,248.970833,-28.216111,2.82
Sco,6165,248.970833,-28.216111,2.82,6241,252.540833,-34.293333,2.29
Sco,6241,252.540833,-34.293333,2.29,6247,252.967500,-38.047500,3.08
Sco,6247,252.967500,-38.047500,3.08,6271,253.645833,-42.361389,3.62
Sco,6271,253.645833,-42.361389,3.62,6380,258.038333,-43.239167,3.33
Sco,6380,258.038333,-43.239167,3.33,6553,264.330000,-42.997778,1.87
Sco,6508,262.690833,-37.295833,2.69,6527,263.402083,-37.103889,1.63
Sco,6508,262.690833,-37.295833,2.69,6580,265.622083,-39.030000,2.41
Sco,6527,263.402083,-37.103889,1.63,6630,267.464583,-37.043333,3.21
Sco,6553,264.330000,-42.997778,1.87,6615,266.896250,-40.126944,3.03
Sco,6580,265.622083,-39.030000,2.41,6615,266.896250,-40.126944,3.03
Sct,6930,277.299583,-14.565833,4.70,6973,278.801667,-8.244167,3.85
Sct,6930,277.299583,-14.565833,4.70,7020,280.568333,-9.052500,4.72
Sct,6973,278.801667,-8.244167,3.85,7063,281.793750,-4.747778,4.22
Sct,7020,280.568333,-9.052500,4.72,7063,281.793750,-4.747778,4.22
Ser,5802,234.123333,10.010000,5.26,5854,236.067083,6.425556,2.65
Ser,5802,234.123333,10.010000,5.26,5867,236.547083,15.421944,3.67
Ser,5842,235.387917,19.670278,4.52,5867,236.547083,15.421944,3.67
Ser,5842,235.387917,19.670278,4.52,5879,237.185000,18.141667,4.09
Ser,5854,236.067083,6.425556,2.65,5892,237.704167,4.477778,3.71
Ser,5867,236.547083,15.421944,3.67,5933,239.113333,15.661667,3.85
Ser,5879,237.185000,18.141667,4.09,5933,239.113333,15.661667,3.85
Ser,5881,237.405000,-3.430278,3.53,5892,237.704167,4.477778,3.71
Ser,5881,237.405000,-3.430278,3.53,6016,242.460417,-3.466944,5.37
Sex,3909,148.126667,-8.105000,5.05,3981,151.984583,-0.371667,4.49
Sex,3981,151.984583,-0.371667,4.49,4119,157.572917,-0.636944,5.09
Sex,4116,157.369583,-2.739167,5.21,4119,157.572917,-0.636944,5.09
Sge,7479,295.024167,18.013889,4.37,7536,296.847083,18.534167,3.82
Sge,7488,295.262083,17.476111,4.37,7536,296.847083,18.534167,3.82
Sge,7536,296.847083,18.534167,3.82,7635,299.689167,19.492222,3.47
Sgr,6746,271.452083,-30.424167,2.99,6859,275.248750,-29.828056,2.70
Sgr,6746,271.452083,-30.424167,2.99,6879,276.042917,-34.384722,1.85
Sgr,6812,273.440833,-21.058889,3.86,6913,276.992500,-25.421667,2.81
Sgr,6832,274.406667,-36.761667,3.11,6879,276.042917,-34.384722,1.85
Sgr,6859,275.248750,-29.828056,2.70,6879,276.042917,-34.384722,1.85
Sgr,6859,275.248750,-29.828056,2.70,6913,276.992500,-25.421667,2.81
Sgr,6859,275.248750,-29.828056,2.70,7039,281.414167,-26.990833,3.17
Sgr,6879,276.042917,-34.384722,1.85,7194,285.652917,-29.880278,2.60
Sgr,6913,276.992500,-25.421667,2.81,7039,281.414167,-26.990833,3.17
Sgr,7039,281.414167,-26.990833,3.17,7121,283.816250,-26.296667,2.02
Sgr,7039,281.414167,-26.990833,3.17,7194,285.652917,-29.880278,2.60
Sgr,7121,283.816250,-26.296667,2.02,7234,286.735000,-27.670556,3.32
Sgr,7150,284.432500,-21.106667,3.51,7217,286.170833,-21.741667,3.77
Sgr,7150,284.432500,-21.106667,3.51,7264,287.440833,-21.023611,2.89
Sgr,7194,285.652917,-29.880278,2.60,7234,286.735000,-27.670556,3.32
Sgr,7217,286.170833,-21.741667,3.77,7264,287.440833,-21.023611,2.89
Sgr,7264,287.440833,-21.023611,2.89,7340,290.418333,-17.847222,3.93
Tau,1030,51.203333,9.028889,3.60,1038,51.792500,9.732778,3.74
Tau,1030,51.203333,9.028889,3.60,1101,54.218333,0.401667,4.28
Tau,1038,51.792500,9.732778,3.74,1239,60.170000,12.490278,3.47
Tau,1038,51.792500,9.732778,3.74,1251,60.789167,5.989167,3.91
Tau,1239,60.170000,12.490278,3.47,1346,64.948333,15.627500,3.65
Tau,1346,64.948333,15.627500,3.65,1373,65.733750,17.542500,3.76
Tau,1346,64.948333,15.627500,3.65,1457,68.980000,16.509167,0.85
Tau,1373,65.733750,17.542500,3.76,1409,67.154167,19.180278,3.53
Tau,1409,67.154167,19.180278,3.53,1791,81.572917,28.607500,1.65
Tau,1457,68.980000,16.509167,0.85,1910,84.411250,21.142500,3.00
Tel,6783,272.807500,-45.954444,4.53,6897,276.743333,-45.968333,3.51
Tel,6897,276.743333,-45.968333,3.51,6905,277.207917,-49.070833,4.13
TrA,5671,229.727500,-68.679444,2.89,5771,234.180000,-66.316944,4.11
TrA,5671,229.727500,-68.679444,2.89,6217,252.166250,-69.027778,1.92
TrA,5771,234.180000,-66.316944,4.11,5897,238.785417,-63.430556,2.85
TrA,5897,238.785417,-63.430556,2.85,6217,252.166250,-69.027778,1.92
Tri,544,28.270417,29.578889,3.41,622,32.385833,34.987222,3.00
Tri,544,28.270417,29.578889,3.41,664,34.328750,33.847222,4.01
Tri,622,32.385833,34.987222,3.00,664,34.328750,33.847222,4.01
Tuc,77,5.017917,-64.874722,4.23,126,7.886250,-62.958056,4.37
Tuc,77,5.017917,-64.874722,4.23,9076,359.979167,-65.577222,4.50
Tuc,126,7.886250,-62.958056,4.37,8848,349.357500,-58.235833,3.99
Tuc,8502,334.625417,-60.259722,2.86,8540,336.833333,-64.966389,4.48
Tuc,8502,334.625417,-60.259722,2.86,8848,349.357500,-58.235833,3.99
Tuc,8540,336.833333,-64.966389,4.48,9076,359.979167,-65.577222,4.50
UMa,3323,127.566250,60.718056,3.36,3757,142.882083,63.061944,3.67
UMa,3323,127.566250,60.718056,3.36,3888,147.747500,59.038611,3.80
UMa,3569,134.801667,48.041667,3.14,3594,135.906250,47.156667,3.60
UMa,3594,135.906250,47.156667,3.60,3775,143.214167,51.677222,3.17
UMa,3757,142.882083,63.061944,3.67,3888,147.747500,59.038611,3.80
UMa,3757,142.882083,63.061944,3.67,4301,165.932083,61.750833,1.79
UMa,3775,143.214167,51.677222,3.17,3888,147.747500,59.038611,3.80
UMa,3888,147.747500,59.038611,3.80,4295,165.460417,56.382500,2.37
UMa,4033,154.274167,42.914444,3.45,4069,155.582083,41.499444,3.05
UMa,4069,155.582083,41.499444,3.05,4335,167.415833,44.498611,3.01
UMa,4295,165.460417,56.382500,2.37,4301,165.932083,61.750833,1.79
UMa,4295,165.460417,56.382500,2.37,4554,178.457500,53.694722,2.44
UMa,4301,165.932083,61.750833,1.79,4660,183.856667,57.032500,3.31
UMa,4335,167.415833,44.498611,3.01,4518,176.512500,47.779444,3.71
UMa,4375,169.545833,31.529167,4.41,4377,169.619583,33.094167,3.48
UMa,4377,169.619583,33.094167,3.48,4518,176.512500,47.779444,3.71
UMa,4518,176.512500,47.779444,3.71,4554,178.457500,53.694722,2.44
UMa,4554,178.457500,53.694722,2.44,4660,183.856667,57.032500,3.31
UMa,4660,183.856667,57.032500,3.31,4905,193.507083,55.959722,1.77
UMa,4905,193.507083,55.959722,1.77,5054,200.981250,54.925278,2.27
UMa,5054,200.981250,54.925278,2.27,5191,206.885000,49.313333,1.86
UMi,424,37.952917,89.264167,2.02,6789,263.053750,86.586389,4.36
UMi,5563,222.676250,74.155556,2.08,5735,230.182083,71.833889,3.05
UMi,5563,222.676250,74.155556,2.08,5903,236.014583,77.794444,4.32
UMi,5735,230.182083,71.833889,3.05,6116,244.376250,75.755278,4.95
UMi,5903,236.014583,77.794444,4.32,6116,244.376250,75.755278,4.95
UMi,5903,236.014583,77.794444,4.32,6322,251.492083,82.037222,4.23
UMi,6322,251.492083,82.037222,4.23,6789,263.053750,86.586389,4.36
Vel,3165,120.896250,-40.003333,2.25,3206,122.372083,-47.345833,4.27
Vel,3206,122.372083,-47.345833,4.27,3426,129.411250,-42.989167,4.14
Vel,3206,122.372083,-47.345833,4.27,3485,131.175833,-54.708333,1.96
Vel,3426,129.411250,-42.989167,4.14,3477,131.100000,-42.649167,4.07
Vel,3477,131.100000,-42.649167,4.07,3634,136.999167,-43.432500,2.21
Vel,3485,131.175833,-54.708333,1.96,3734,140.528333,-55.010833,2.50
Vel,3634,136.999167,-43.432500,2.21,3786,142.675000,-40.466667,3.60
Vel,3734,140.528333,-55.010833,2.50,3940,149.215833,-54.567778,3.54
Vel,3786,142.675000,-40.466667,3.60,4023,153.684167,-42.121944,3.85
Vel,3940,149.215833,-54.567778,3.54,4216,161.692500,-49.420000,2.69
Vel,4023,153.684167,-42.121944,3.85,4216,161.692500,-49.420000,2.69
Vir,4517,176.465000,6.529444,4.03,4540,177.673750,1.764722,3.61
Vir,4517,176.465000,6.529444,4.03,4608,181.302083,8.733056,4.12
Vir,4540,177.673750,1.764722,3.61,4689,184.976667,-0.666944,3.89
Vir,4608,181.302083,8.733056,4.12,4689,184.976667,-0.666944,3.89
Vir,4689,184.976667,-0.666944,3.89,4825,190.415000,-1.449444,3.65
Vir,4825,190.415000,-1.449444,3.65,4910,193.900833,3.397500,3.38
Vir,4825,190.415000,-1.449444,3.65,4963,197.487500,-5.538889,4.38
Vir,4825,190.415000,-1.449444,3.65,5107,203.673333,-0.595833,3.37
Vir,4910,193.900833,3.397500,3.38,4932,195.544167,10.959167,2.83
Vir,4963,197.487500,-5.538889,4.38,5056,201.298333,-11.161389,0.98
Vir,5107,203.673333,-0.595833,3.37,5264,210.411667,1.544444,4.26
Vir,5107,203.673333,-0.595833,3.37,5338,214.003750,-6.000556,4.08
Vir,5264,210.411667,1.544444,4.26,5511,221.562083,1.892778,3.72
Vir,5338,214.003750,-6.000556,4.08,5487,220.765000,-5.658333,3.88
Vol,2736,107.187083,-70.498889,3.78,2803,109.207500,-67.957222,3.98
Vol,2736,107.187083,-70.498889,3.78,3223,121.982500,-68.617222,4.35
Vol,2803,109.207500,-67.957222,3.98,3223,121.982500,-68.617222,4.35
Vol,3223,121.982500,-68.617222,4.35,3347,126.434167,-66.136944,3.77
Vol,3223,121.982500,-68.617222,4.35,3615,135.611667,-66.396111,4.00
Vol,3347,126.434167,-66.136944,3.77,3615,135.611667,-66.396111,4.00
Vul,7405,292.176250,24.665000,4.44,7592,298.365417,24.079722,4.58
