 0 0  00 30 09  -46 31 22  14.651 
 0 0  00 30 16  -46 27 55  12.334 
 0 0  00 30 17  -46 32 34  14.376 
 0 0  00 30 18  -46 31 11  13.118 
 0 0  00 30 19  -46 24 36  11.630 
 0 0  00 30 50  -46 33 33  12.474 
 0 0  00 31 05  -46 22 43  10.442 
 0 0  00 31 50  +02 38 26  15.268 
 0 0  00 42 05  +05 09 44  12.877 
 0 0  00 53 14  +00 46 02  13.842 
 0 0  00 53 16  +00 36 18  10.595 
 0 0  00 53 47  +00 47 33  12.676 
 0 0  00 54 16  +00 39 51  13.818 
 0 0  00 54 31  +00 40 15  15.346 
 0 0  00 54 34  +00 41 05  14.325 
 0 0  00 54 37  +00 38 56  13.178 
 0 0  00 54 44  +00 43 26  15.073 
 0 0  00 54 48  +00 39 23  14.932 
 0 0  00 54 52  +00 40 20  14.085 
 0 0  00 55 00  +00 44 13  12.523 
 0 0  00 55 03  +00 44 11  15.579 
 0 0  00 55 10  +00 43 14  11.613 
 0 0  00 55 10  +00 23 12  14.751 
 0 0  00 55 14  +00 56 07  10.627 
 0 0  00 55 15  +01 01 49  14.984 
 0 0  00 55 16  +01 01 53  15.036 
 0 0  00 55 22  +00 40 30  14.997 
 0 0  00 55 24  +00 51 07  15.216 
 0 0  00 55 26  +00 50 49  15.752 
 0 0  00 55 29  +00 37 07  15.071 
 0 0  00 55 30  +00 44 34  12.109 
 0 0  00 55 32  +00 53 07  15.922 
 0 0  00 55 40  +00 36 18  11.782 
 0 0  00 55 54  +01 11 42  13.642 
 0 0  00 55 57  +01 10 40  14.408 
 0 0  00 55 58  +01 10 24  15.841 
 0 0  00 55 59  +00 52 58  13.941 
 0 0  00 56 00  +01 10 52  12.958 
 0 0  00 56 00  +00 52 53  14.466 
 0 0  00 56 06  +00 50 47  14.965 
 0 0  00 56 07  +01 00 18  14.953 
 0 0  00 56 08  +01 04 24  11.812 
 0 0  00 56 16  +00 53 16  14.440 
 0 0  00 56 27  +00 41 53  12.036 
 0 0  00 56 47  +00 38 29  12.969 
 0 0  00 56 51  +01 09 35  11.679 
 0 0  00 56 51  +01 05 58  11.332 
 0 0  00 56 53  +00 44 02  11.673 
 0 0  00 56 54  +01 00 43  11.667 
 0 0  00 57 17  +00 36 46  11.630 
 0 0  01 04 22  +04 13 37  12.065 
 0 0  01 54 08  -06 42 54  12.406 
 0 0  01 54 37  +00 53 49  11.971 
 0 0  01 54 38  +00 43 00  11.546 
 0 0  01 55 05  +00 45 44  12.011 
 0 0  01 55 26  +00 56 43  11.620 
 0 0  02 00 09  +13 04 04  12.298 
 0 0  02 23 34  +13 28 07  14.216 
 0 0  02 23 38  +13 27 38  14.760 
 0 0  02 23 39  +13 27 33  15.771 
 0 0  02 30 17  +05 15 51  12.799 
 0 0  02 33 28  +05 19 44  13.804 
 0 0  02 33 33  +05 19 28  14.027 
 0 0  02 33 40  +05 17 38  12.772 
 0 0  02 33 41  +05 20 19  13.702 
 0 0  02 33 41  +05 18 40  16.105 
 0 0  02 33 45  +05 17 30  14.735 
 0 0  02 35 08  +03 43 57  12.411 
 0 0  02 53 38  +00 17 19  12.659 
 0 0  02 55 20  +00 28 14  12.255 
 0 0  02 56 14  +00 35 10  12.273 
 0 0  02 56 31  +00 40 05  14.293 
 0 0  02 57 21  +00 18 38  11.728 
 0 0  02 57 46  +00 16 02  11.204 
 0 0  02 58 13  +01 10 53  11.594 
 0 0  03 48 50  -00 58 33  14.063 
 0 0  03 52 40  -00 05 22  11.302 
 0 0  03 52 41  +00 31 21  11.216 
 0 0  03 52 41  -00 05 06  14.313 
 0 0  03 52 42  +00 31 18  11.694 
 0 0  03 52 54  +00 00 19  10.010 
 0 0  03 52 57  -00 00 20  14.818 
 0 0  03 53 00  +00 02 52  14.448 
 0 0  03 53 01  +00 00 13  15.633 
 0 0  03 53 04  +00 02 53  12.677 
 0 0  03 53 07  +00 01 09  15.622 
 0 0  03 53 11  +00 27 19  15.394 
 0 0  03 53 13  +00 16 20  12.627 
 0 0  03 53 20  +00 16 31  14.338 
 0 0  03 53 21  -00 00 20  13.574 
 0 0  03 53 25  +00 02 18  16.275 
 0 0  03 53 25  +00 01 22  15.137 
 0 0  03 53 40  -00 01 13  15.502 
 0 0  03 53 41  -00 02 31  14.060 
 0 0  03 53 44  +00 29 50  13.449 
 0 0  03 53 44  -00 04 33  15.606 
 0 0  03 53 47  +00 26 38  12.679 
 0 0  03 53 48  -00 00 48  14.680 
 0 0  03 53 49  -00 03 01  10.803 
 0 0  03 54 17  +00 18 49  13.669 
 0 0  03 54 19  +00 36 28  13.525 
 0 0  03 54 24  +00 37 07  14.617 
 0 0  03 54 31  +00 29 05  12.174 
 0 0  03 54 44  +00 27 20  13.479 
 0 0  03 54 46  +00 25 54  14.118 
 0 0  03 54 49  -00 07 05  13.429 
 0 0  03 54 50  +00 10 08  12.095 
 0 0  03 54 51  +00 05 21  12.064 
 0 0  03 55 00  -00 02 55  13.538 
 0 0  03 55 04  +00 03 33  14.440 
 0 0  03 55 05  +00 03 13  12.196 
 0 0  03 55 07  -00 09 31  12.892 
 0 0  03 55 08  +00 14 35  15.779 
 0 0  03 55 09  +00 01 19  12.927 
 0 0  03 55 31  -00 09 13  11.531 
 0 0  03 55 39  +00 10 43  14.216 
 0 0  03 55 42  +00 26 34  13.669 
 0 0  03 55 44  +00 07 05  10.938 
 0 0  03 55 46  +00 23 40  15.561 
 0 0  03 56 13  +00 08 43  11.491 
 0 0  04 51 16  -00 14 51  12.182 
 0 0  04 51 43  -00 10 12  10.591 
 0 0  04 52 35  +00 22 29  11.716 
 0 0  04 52 58  +00 09 04  13.778 
 0 0  04 52 59  -00 14 44  11.719 
 0 0  04 53 19  -00 05 04  11.140 
 0 0  05 28 01  +09 39 07  12.443 
 0 0  05 42 05  +12 30 14  11.509 
 0 0  05 52 28  +15 53 15  13.032 
 0 0  05 57 07  +00 01 12  11.733 
 0 0  05 57 09  -00 11 13  12.448 
 0 0  05 57 26  +00 20 26  11.608 
 0 0  05 57 37  +00 13 42   9.781 
 0 0  05 57 55  -00 09 29  11.483 
 0 0  05 58 25  +00 05 12  10.788 
 0 0  05 58 44  -00 05 13  14.085 
 0 0  06 51 27  -00 15 37  13.089 
 0 0  06 51 29  -00 16 27  14.001 
 0 0  06 51 30  -00 24 52  14.137 
 0 0  06 51 30  -00 25 07  14.780 
 0 0  06 51 31  -00 18 59  12.185 
 0 0  06 51 32  -00 26 26  14.162 
 0 0  06 51 34  -00 11 28  10.572 
 0 0  06 51 39  -00 26 38  15.672 
 0 0  06 51 40  -00 21 11  15.859 
 0 0  06 51 40  -00 25 43  14.556 
 0 0  06 51 40  -00 26 43  14.728 
 0 0  06 51 42  -00 15 18  14.614 
 0 0  06 51 42  -00 16 35  16.332 
 0 0  06 51 43  -00 15 53  14.568 
 0 0  06 51 43  -00 22 21  14.642 
 0 0  06 51 49  -00 20 34  15.674 
 0 0  06 51 50  -00 21 17  12.723 
 0 0  06 51 52  -00 20 16  13.811 
 0 0  06 51 53  -00 20 46  14.758 
 0 0  06 51 53  -00 22 03  14.900 
 0 0  06 51 56  -00 20 57  14.608 
 0 0  06 51 59  -00 21 33  15.290 
 0 0  06 52 02  -00 27 21  10.536 
 0 0  06 52 03  -00 21 18  15.839 
 0 0  06 52 04  -00 27 18  10.030 
 0 0  06 52 05  -00 18 19   9.539 
 0 0  06 52 05  -00 19 40  12.271 
 0 0  06 52 05  -00 21 58  14.817 
 0 0  06 52 10  -00 23 34  12.732 
 0 0  06 52 12  -00 18 22  13.385 
 0 0  06 52 12  -00 19 17  11.930 
 0 0  06 52 14  -00 19 21  13.068 
 0 0  06 52 14  -00 19 41  13.398 
 0 0  06 52 16  -00 19 39  17.800 
 0 0  06 52 17  -00 19 42  13.749 
 0 0  06 52 19  -00 20 19  11.954 
 0 0  06 52 19  -00 23 34  12.754 
 0 0  06 52 20  -00 14 15  15.010 
 0 0  06 52 21  -00 15 50  14.439 
 0 0  06 52 28  -00 13 43  12.113 
 0 0  06 52 35  -00 15 23  13.975 
 0 0  06 52 37  -00 14 33  11.878 
 0 0  06 52 38  -00 16 34  13.707 
 0 0  06 52 38  -00 17 05  14.090 
 0 0  06 52 38  -00 19 22  11.118 
 0 0  06 52 40  -00 17 16  12.238 
 0 0  07 24 12  -00 31 46  12.829 
 0 0  07 24 14  -00 32 44  14.495 
 0 0  07 24 15  -00 30 58  13.471 
 0 0  07 24 15  -00 32 55  13.866 
 0 0  07 24 16  -00 32 38  11.480 
 0 0  07 24 18  -00 32 17  14.425 
 0 0  07 24 18  -00 32 58  12.642 
 0 0  07 24 19  -00 31 08  13.718 
 0 0  07 29 51  -02 04 29  14.564 
 0 0  07 29 51  -02 05 09  12.362 
 0 0  07 29 55  -02 06 18  13.014 
 0 0  07 29 56  -02 05 39  15.019 
 0 0  07 29 57  -02 06 02  14.341 
 0 0  07 29 59  -02 05 18  12.222 
 0 0  07 30 03  -02 04 16  11.076 
 0 0  07 55 54  -00 16 51   9.398 
 0 0  07 56 07  -00 20 43   9.417 
 0 0  08 52 35  -00 39 48  10.139 
 0 0  08 53 15  -00 43 29   9.150 
 0 0  08 53 18  -00 41 31  13.027 
 0 0  08 53 19  -00 41 10  12.350 
 0 0  08 53 36  -00 36 41  11.799 
 0 0  08 53 55  -00 32 21  11.384 
 0 0  09 21 22  +02 47 30  12.272 
 0 0  09 21 28  +02 46 03  13.327 
 0 0  09 21 34  +02 48 01  13.963 
 0 0  09 21 35  +02 46 20  14.490 
 0 0  09 21 42  +02 46 38  13.537 
 0 0  09 31 18  -13 29 20  10.067 
 0 0  09 45 10  -03 05 53  13.707 
 0 0  09 45 10  -03 10 17  14.731 
 0 0  09 45 12  -03 06 57  14.108 
 0 0  09 45 12  -03 09 24  14.004 
 0 0  09 45 15  -03 06 39  14.989 
 0 0  09 54 51  -00 27 28  11.249 
 0 0  09 54 52  -00 18 32  11.552 
 0 0  09 55 29  -00 21 37  16.501 
 0 0  09 55 33  -00 22 31  13.823 
 0 0  09 55 35  -00 18 48  15.770 
 0 0  09 55 41  -00 18 21  13.459 
 0 0  09 55 57  -00 23 14   9.742 
 0 0  09 56 08  -00 29 48  14.295 
 0 0  09 56 08  -00 12 40  14.785 
 0 0  09 56 08  -00 27 08  14.923 
 0 0  09 56 09  -00 14 02  13.646 
 0 0  09 56 09  -00 25 50  13.441 
 0 0  09 56 14  -00 11 56  12.583 
 0 0  09 56 19  -00 31 55  14.380 
 0 0  09 56 21  -00 27 19  13.723 
 0 0  09 56 23  -00 16 52  15.259 
 0 0  09 56 27  -00 35 43  13.711 
 0 0  09 56 55  -00 29 38  15.494 
 0 0  09 56 55  -00 30 27  15.953 
 0 0  09 57 05  -00 31 38  11.575 
 0 0  09 57 08  -00 31 28  16.264 
 0 0  09 57 11  -00 31 37  15.928 
 0 0  09 57 16  -00 17 16  13.180 
 0 0  09 57 18  -00 20 59  13.788 
 0 0  09 57 18  -00 25 00  14.449 
 0 0  09 57 20  -00 16 26  15.058 
 0 0  09 57 26  -00 17 16  14.964 
 0 0  09 57 30  -00 21 52  14.342 
 0 0  09 57 31  -00 21 49  15.556 
 0 0  09 57 31  -00 22 54  15.504 
 0 0  09 57 32  -00 18 17  13.496 
 0 0  09 57 37  -00 17 51  13.684 
 0 0  09 57 39  -00 17 52  16.497 
 0 0  09 57 53  -00 47 35  12.419 
 0 0  09 58 19  -00 25 35   9.874 
 0 0  10 00 47  -07 33 31  13.561 
 0 0  10 33 43  -11 40 39  13.012 
 0 0  10 36 02  +05 07 11  12.636 
 0 0  10 37 04  -00 08 20  13.228 
 0 0  10 42 55  +02 47 22  14.706 
 0 0  10 50 03  -00 00 32  13.474 
 0 0  10 50 06  -00 01 08  13.512 
 0 0  10 50 09  -00 02 00  14.751 
 0 0  10 50 18  -00 00 23  12.453 
 0 0  10 50 54  +06 48 57  11.675 
 0 0  10 55 06  -00 48 19  10.069 
 0 0  10 56 38  +07 02 23  13.507 
 0 0  10 57 04  -00 13 10   9.903 
 0 0  10 57 35  -07 31 23  14.338 
 0 0  11 08 00  -05 09 26  13.059 
 0 0  11 08 07  -05 13 47  12.576 
 0 0  11 47 44  +00 48 55  11.153 
 0 0  11 56 06  -00 47 54   9.861 
 0 0  11 56 46  -00 21 54  11.836 
 0 0  12 33 20  +09 01 08  12.467 
 0 0  12 41 04  -00 37 11   9.370 
 0 0  12 41 36  -00 31 15  15.602 
 0 0  12 41 41  -00 26 27  12.630 
 0 0  12 41 44  -00 22 43  14.608 
 0 0  12 41 50  -00 25 52  13.858 
 0 0  12 42 03  -00 41 36  15.581 
 0 0  12 42 12  -00 40 40  15.296 
 0 0  12 42 14  -00 24 48  15.114 
 0 0  12 42 17  -00 51 18  15.395 
 0 0  12 42 20  -00 35 13  16.048 
 0 0  12 42 20  -00 25 22  15.372 
 0 0  12 42 21  -00 32 29  13.477 
 0 0  12 42 22  -00 33 09  11.665 
 0 0  12 42 21  -00 40 28  13.484 
 0 0  12 42 23  -00 46 32  13.936 
 0 0  12 42 25  -00 39 58  14.404 
 0 0  12 42 31  -00 38 32  16.059 
 0 0  12 42 34  -00 41 39  15.459 
 0 0  12 42 35  -00 45 47  16.011 
 0 0  12 42 52  -00 24 19  15.105 
 0 0  12 42 54  -00 32 06  12.362 
 0 0  12 42 54  -00 28 49  16.048 
 0 0  12 43 03  -00 28 21  12.886 
 0 0  12 43 07  -00 32 21   9.705 
 0 0  12 43 15  -00 33 21  13.634 
 0 0  12 43 22  -00 29 56  14.310 
 0 0  12 43 47  -00 34 30  15.799 
 0 0  12 43 54  -00 34 52  12.908 
 0 0  12 43 56  -00 32 51  16.087 
 0 0  12 43 59  -00 33 36  15.844 
 0 0  12 44 20  -00 30 57  14.406 
 0 0  12 44 24  -00 30 16  15.017 
 0 0  12 44 33  -00 25 53  12.572 
 0 0  12 45 17  -00 16 37  11.479 
 0 0  13 28 22  -02 21 28  11.336 
 0 0  13 25 39  -08 49 16  13.481 
 0 0  13 25 49  -08 50 22  13.591 
 0 0  13 25 50  -08 48 37  14.003 
 0 0  13 25 50  -08 51 53  13.406 
 0 0  13 26 05  -08 50 34  12.080 
 0 0  13 35 25  -00 23 38  10.270 
 0 0  13 37 17  -00 37 56  12.535 
 0 0  13 40 04  -00 02 10  11.453 
 0 0  13 42 21  +01 30 17  10.367 
 0 0  13 58 52  -02 55 12  10.254 
 0 0  14 10 26  -01 30 13  13.750 
 0 0  14 40 07  +00 01 45  11.599 
 0 0  14 40 52  -00 23 36   9.785 
 0 0  15 17 14  +03 10 27  13.997 
 0 0  15 28 11  -07 16 27  15.053 
 0 0  15 28 12  -07 16 33  16.301 
 0 0  15 28 13  -07 15 54  13.509 
 0 0  15 28 14  -07 16 08  16.403 
 0 0  15 28 16  -07 14 21  13.530 
 0 0  15 30 40  +06 01 11  11.989 
 0 0  15 30 49  +06 01 24  15.553 
 0 0  15 30 50  +06 00 56  14.767 
 0 0  15 30 56  +06 00 07  13.477 
 0 0  15 33 10  +05 33 45  13.711 
 0 0  15 33 11  +05 32 27  14.211 
 0 0  15 33 18  +05 33 48  12.842 
 0 0  15 37 25  +00 18 34  10.939 
 0 0  15 37 53  -00 17 18  13.054 
 0 0  15 38 34  +00 14 22  11.712 
 0 0  15 38 37  -00 02 24  13.121 
 0 0  15 38 43  -00 19 47  12.919 
 0 0  15 38 46  -00 20 15  14.910 
 0 0  15 38 46  -00 32 06  12.342 
 0 0  15 38 51  -00 17 10  11.847 
 0 0  15 38 50  -00 24 27  11.676 
 0 0  15 38 51  -00 22 31  12.284 
 0 0  15 38 57  -00 45 30  13.383 
 0 0  15 38 57  -00 43 06  16.046 
 0 0  15 38 57  -00 44 14  14.262 
 0 0  15 39 05  -00 39 11  14.418 
 0 0  15 39 09  -00 14 28  14.675 
 0 0  15 39 09  -00 35 31  12.797 
 0 0  15 39 11  -00 15 49  14.884 
 0 0  15 39 14  -00 13 26  14.646 
 0 0  15 39 19  -00 15 29  12.116 
 0 0  15 39 35  -00 15 06  14.256 
 0 0  15 39 36  -00 12 36  14.329 
 0 0  15 39 42  -00 13 10  13.926 
 0 0  15 40 06  -00 17 28  13.468 
 0 0  15 40 08  -00 17 22  13.349 
 0 0  15 40 17  -00 21 13  11.311 
 0 0  15 40 41  -00 14 54  14.873 
 0 0  15 40 45  -00 17 11  14.197 
 0 0  15 40 50  -00 16 48  15.050 
 0 0  16 17 55  -15 35 52  13.422 
 0 0  16 25 14  +15 41 15  13.513 
 0 0  16 30 18  -12 39 08  10.069 
 0 0  16 35 24  +09 47 50  14.397 
 0 0  16 35 26  +09 47 53  15.256 
 0 0  16 35 34  +09 46 22  12.969 
 0 0  16 35 38  +09 46 16  13.229 
 0 0  16 35 40  +09 46 43  13.691 
 0 0  16 36 11  -00 25 32  12.690 
 0 0  16 36 58  +00 05 57  11.738 
 0 0  16 37 00  -00 34 40  11.309 
 0 0  16 37 13  +00 02 34  12.244 
 0 0  16 37 47  -00 33 06  10.703 
 0 0  16 37 50  -00 00 37  11.384 
 0 0  16 39 17  -00 25 08  12.071 
 0 0  16 50 18  +05 32 53  14.773 
 0 0  16 55 27  -08 18 53  11.759 
 0 0  16 59 32  +07 43 31  15.015 
 0 0  16 59 32  +07 42 11  14.721 
 0 0  16 59 33  +07 42 25  14.033 
 0 0  16 59 35  +07 42 26  15.225 
 0 0  17 05 15  -05 05 05  10.071 
 0 0  17 44 06  -00 24 59  11.493 
 0 0  17 44 12  -00 20 32  11.730 
 0 0  17 44 13  -00 02 28  12.828 
 0 0  17 44 15  -00 02 17  12.436 
 0 0  17 44 17  -00 02 32  14.639 
 0 0  17 45 02  -00 29 28  10.990 
 0 0  17 45 20  -00 25 51   9.332 
 0 0  17 45 42  -00 21 34  10.353 
 0 0  18 27 13  +04 03 05  13.889 
 0 0  18 40 45  +00 01 51  13.649 
 0 0  18 40 51  +00 02 23  14.281 
 0 0  18 40 52  +00 01 58  12.516 
 0 0  18 40 52  +00 00 51  12.771 
 0 0  18 41 19  +00 00 14  13.858 
 0 0  18 41 27  +00 08 26  13.607 
 0 0  18 41 29  +00 15 22  10.025 
 0 0  18 41 43  +00 26 41  13.988 
 0 0  18 41 51  +00 05 20  12.706 
 0 0  18 41 55  +00 10 00  14.757 
 0 0  18 42 13  +00 10 14  15.095 
 0 0  18 42 19  +00 08 24  11.944 
 0 0  18 42 37  +00 15 01  14.430 
 0 0  18 42 40  +00 09 10  14.618 
 0 0  18 42 45  +00 08 04  12.425 
 0 0  18 42 48  +00 06 26  15.693 
 0 0  18 42 49  +00 05 06  12.018 
 0 0  18 42 50  +00 07 10  16.252 
 0 0  18 42 52  +00 07 54  13.615 
 0 0  18 42 57  +00 07 20  13.470 
 0 0  18 42 57  -00 08 56  13.491 
 0 0  18 42 59  +00 31 08  13.004 
 0 0  18 42 59  +00 02 23  14.686 
 0 0  18 43 02  +00 30 56  14.196 
 0 0  18 43 07  -00 03 40  12.996 
 0 0  18 43 07  +00 28 00  11.737 
 0 0  18 43 10  +00 27 40  12.330 
 0 0  18 43 11  +00 30 05  14.022 
 0 0  18 43 11  +00 29 43  11.773 
 0 0  18 43 19  +00 30 27  11.312 
 0 0  18 43 19  +00 29 26  12.440 
 0 0  18 43 22  -00 01 15  11.898 
 0 0  18 43 34  +00 19 40  11.121 
 0 0  18 43 48  -00 00 22  15.505 
 0 0  18 43 50  +00 00 07  16.093 
 0 0  18 43 52  +00 22 58  11.585 
 0 0  18 43 52  +00 01 05  14.821 
 0 0  18 43 52  +00 00 49  13.637 
 0 0  18 43 55  +00 02 01  11.861 
 0 0  19 37 16  +00 12 05  10.744 
 0 0  19 37 16  +00 10 59   8.963 
 0 0  19 37 29  +00 25 01  12.388 
 0 0  19 37 42  +00 26 50  11.419 
 0 0  19 37 44  +00 25 48  10.382 
 0 0  19 38 05  +00 32 13  12.395 
 0 0  19 38 22  +00 31 01  13.193 
 0 0  19 38 24  +00 31 25  12.538 
 0 0  20 41 18  +00 16 28  11.352 
 0 0  20 42 02  +00 19 10  11.452 
 0 0  20 42 14  +00 09 01  11.424 
 0 0  20 42 26  +00 07 43  12.095 
 0 0  20 42 36  +00 07 21   9.905 
 0 0  20 42 46  +00 16 08  12.086 
 0 0  20 42 55  +00 15 04  11.549 
 0 0  20 43 54  -10 45 32  14.540 
 0 0  20 43 58  -10 47 11  15.911 
 0 0  20 43 59  -10 47 42  13.258 
 0 0  20 44 02  -10 45 39  14.818 
 0 0  21 11 30  -13 08 22  10.868 
 0 0  21 31 16  -09 47 28  12.005 
 0 0  21 40 35  +00 41 45  11.796 
 0 0  21 40 36  +00 21 00  12.071 
 0 0  21 40 47  +00 28 32  15.530 
 0 0  21 40 49  +00 27 55  14.225 
 0 0  21 40 56  +00 27 57  12.250 
 0 0  21 40 59  +00 22 00  12.398 
 0 0  21 41 00  +00 27 34  10.878 
 0 0  21 41 07  +00 22 32  13.038 
 0 0  21 41 09  +00 25 50  14.352 
 0 0  21 41 13  +00 21 51  15.665 
 0 0  21 41 15  +00 43 04  12.125 
 0 0  21 41 24  +00 20 41  13.160 
 0 0  21 41 28  +00 40 14  10.004 
 0 0  21 41 44  +00 17 37  11.742 
 0 0  21 41 48  +00 23 52  12.406 
 0 0  21 41 51  +00 39 19  10.306 
 0 0  21 41 53  +00 25 37  15.481 
 0 0  21 41 53  +00 18 02  14.934 
 0 0  21 41 54  +00 29 21  13.537 
 0 0  21 41 57  +00 19 53  15.281 
 0 0  21 41 59  +00 01 07  15.173 
 0 0  21 42 02  +00 28 36  13.681 
 0 0  21 42 06  +00 09 27  13.469 
 0 0  21 42 09  +00 15 06  14.476 
 0 0  21 42 21  +00 21 04  13.904 
 0 0  21 42 22  +00 14 09  13.116 
 0 0  21 42 22  +00 12 06  11.224 
 0 0  21 42 25  +00 43 53  14.373 
 0 0  21 42 28  +00 38 21  12.174 
 0 0  21 42 29  +00 38 10  11.767 
 0 0  21 42 30  +00 38 07  12.437 
 0 0  21 42 35  +00 16 46  14.540 
 0 0  21 42 38  +00 15 34  15.639 
 0 0  21 42 39  +00 19 00  15.247 
 0 0  21 42 41  +00 16 08  14.841 
 0 0  21 42 56  +00 14 46  13.560 
 0 0  21 43 08  +00 14 51  14.370 
 0 0  21 43 20  +00 16 52  15.080 
 0 0  21 43 27  +00 17 22  15.421 
 0 0  21 43 30  +00 18 02  14.214 
 0 0  21 43 33  +00 15 56  12.337 
 0 0  21 43 40  +00 17 22  13.692 
 0 0  21 52 25  +02 23 20  12.739 
 0 0  22 16 18  -00 22 15  15.109 
 0 0  22 16 22  -00 21 49  12.706 
 0 0  22 16 24  -00 21 27  14.178 
 0 0  22 16 28  -00 21 15  14.124 
 0 0  22 38 28  -15 19 17  12.361 
 0 0  22 40 37  +00 51 56  12.094 
 0 0  22 40 43  +01 03 10  12.070 
 0 0  22 41 04  +00 46 04  12.064 
 0 0  22 41 26  +01 10 11  11.833 
 0 0  22 41 35  +01 11 13  12.644 
 0 0  22 41 37  +00 59 07  11.601 
 0 0  22 41 45  +01 12 38  11.916 
 0 0  22 42 10  +01 10 17  11.101 
 0 0  22 43 11  +00 21 16   9.239 
 0 0  22 53 16  -14 15 38  10.180 
 0 0  23 12 35  +10 50 27  13.094 
 0 0  23 16 12  -01 50 35  12.958 
 0 0  23 19 55  +04 52 35  12.876 
 0 0  23 33 44  +05 46 36  15.182 
 0 0  23 33 49  +05 46 49  13.051 
 0 0  23 33 51  +05 45 07  14.744 
 0 0  23 38 39  +00 42 42  12.431 
 0 0  23 38 43  +00 42 24  11.277 
 0 0  23 38 44  +00 42 55  15.899 
 0 0  23 41 31  +01 26 26  11.812 
 0 0  23 41 33  +01 16 45  12.482 
 0 0  23 42 01  +01 09 01  12.209 
 0 0  23 42 30  +00 52 11  12.494 
 0 0  23 42 36  +01 05 58  11.161 
 0 0  23 42 41  +00 45 10   9.695 
 0 0  23 44 15  +01 14 13  10.434 
 0 0  23 51 53  +00 28 17  13.277 
